0 0.464081 0.397133 0.075885 0.139966
0 0.553457 0.381113 0.072513 0.158516
0 0.367116 0.378583 0.080944 0.163575
0 0.260034 0.411467 0.092749 0.161889
0 0.652108 0.434233 0.080944 0.143339
0 0.744857 0.382799 0.084317 0.148398
0 0.163912 0.388702 0.072513 0.096121
0 0.102361 0.096965 0.101180 0.092749
0 0.265093 0.055649 0.102867 0.080944
0 0.374705 0.065767 0.062395 0.080944
0 0.468297 0.047218 0.080944 0.080944
0 0.589713 0.024452 0.094435 0.035413
0 0.786172 0.050590 0.139966 0.053963
0 0.925295 0.132378 0.064081 0.136594