0 0.238864 0.361925 0.062067 0.163180
0 0.325153 0.330544 0.083261 0.184100
0 0.425822 0.333682 0.090830 0.148536
0 0.543144 0.341004 0.104454 0.146444
0 0.655168 0.323222 0.092344 0.148536
0 0.745998 0.304393 0.062067 0.169456
0 0.228267 0.621339 0.037846 0.129707
0 0.298661 0.666318 0.066609 0.148536
0 0.382678 0.655858 0.086288 0.156904
0 0.471994 0.645397 0.077205 0.190377
0 0.560553 0.633891 0.084775 0.184100
0 0.649112 0.622385 0.074178 0.169456
0 0.729345 0.635983 0.052984 0.142259
0 0.786114 0.588912 0.039360 0.089958