0 0.243160 0.289967 0.084906 0.040711
0 0.456604 0.241854 0.143868 0.099927
0 0.400590 0.548113 0.166274 0.172097
0 0.535024 0.394521 0.064858 0.164695
0 0.677123 0.222424 0.132075 0.168396
0 0.601061 0.397297 0.050708 0.155443
0 0.787382 0.413026 0.079009 0.123984
0 0.882311 0.252032 0.099057 0.105479
0 0.334552 0.797932 0.074292 0.264623
0 0.467807 0.746118 0.168632 0.160994
0 0.484316 0.907112 0.093160 0.123984
0 0.638208 0.874728 0.087264 0.125835
0 0.054481 0.401923 0.084906 0.160994
0 0.256722 0.769249 0.067217 0.185051
0 0.257901 0.592525 0.057783 0.116582