0 0.961321 0.296712 0.061321 0.132033
0 0.756722 0.262132 0.086085 0.067064
0 0.652948 0.276802 0.112028 0.146703
0 0.570991 0.359584 0.040094 0.127841
0 0.489033 0.258988 0.116745 0.073352
0 0.379363 0.194019 0.079009 0.182331
0 0.265566 0.187732 0.096698 0.123650
0 0.177712 0.330244 0.074292 0.236821
0 0.101651 0.356441 0.066038 0.226342
0 0.035024 0.337579 0.048349 0.217959
0 0.103420 0.595357 0.069575 0.209576
0 0.186557 0.594309 0.056604 0.228438
0 0.277359 0.688618 0.091981 0.241012
0 0.379363 0.646703 0.076651 0.136224
0 0.474292 0.625745 0.091981 0.207480
0 0.573349 0.614219 0.094340 0.268257
0 0.685377 0.576495 0.103774 0.142511
0 0.288561 0.486378 0.102594 0.100596